$ANSIBLE_VAULT;1.1;AES256
64366438376234646233363564636636653435363536653633626433316439353637323333326239
3738646661343864343537666435303132396435666633330a363630616433383939666464346133
39303263333431303464626439666634653363356533636336616262336362643766313534346535
3266363930326635360a333565386333363664323534656639623533313136363366646666626638
62316162363361643732363961396461643933346131623565666437373263663738356163663039
33623635316436363463626338633861333139363061323437643735373135636239313866303063
64323132313531313731303365616530623435613539666537373634623539313530393132383837
31326161303835383936373536373534303964613963633464313561656538386530383266343436
32633835383038653531303464646463333635353166663966373261323937663362336265333936
39356436376166376264383636376166303539633133663166313466633863336535653237313461
32653435313530363935633139323334633133336135336531323937633733306138353731343436
64336239363863366162
